Asc1: 800 920 1020 880 960 920 820 980 840 920 940
Des1: 1080 860 1260 1020 1120 840 920 920 740 920 900
Asc2: 1040 980 960 1360 1060 960 1220 980 1220 1060 1080
Des2: 1180 960 1100 1240 1120 1080 1260 1080 1180 1100 1100[




800,920,1020,880,960,920,820,980,840,920,940,880,840,980,800
1080,860,1260,1020,1120,840,920,920,740,920,900,820,880,1000,740
1040,980,960,1360,1060,960,1220,980,1220,1060,1080,1200,980,1020,1140
1180,960,1100,1240,1120,1080,1260,1080,1180,1100,1100,1220,1020,1040,1100


940,890,1140,950,1040,880,870,950,790,920,920,850,860,990,770
1110,970,1030,1300,1090,1020,1240,1030,1200,1080,1090,1210,1000,1030,1120

940,890,1140,950,1040,880,870,950,790,920,920,850,860,990,770,940,980
1110,970,1030,1300,1090,1020,1240,1030,1200,1080,1090,1210,1000,1030,1120,1230,980


71.05263158,77.63157895,82.01754386,93.42105263,94.73684211,96.49122807
4.385964912,7.894736842,6.140350877,17.98245614,32.89473684,49.56140351
,,,,,
16.66666667,50,41.66666667,75,83.33333333,100
8.333333333,0,0,33.33333333,58.33333333,91.66666667
,,,,,
91.66666667,91.66666667,100,91.66666667,100,91.66666667
0,0,0,0,8.333333333,0







A_0.8  <- c(66.66666667,83.33333333,50,75,83.33333333,91.66666667)
A_1.2  <- c(33.33333333,50,25,25,50,66.66666667)
,,,,,,
B_0.8  <- c(75,83.33333333,100,83.33333333,91.66666667,100)
B_1.2  <- c(0,0,0,0,0,0)
,,,,,,,
C_0.8  <- c(50,83.33333333,66.66666667,83.33333333,91.66666667,91.66666667)
C_1.2  <- c(8.333333333,8.333333333,25,8.333333333,41.66666667,50)
,,,,,,,
D_0.8  <- c(58.33333333,75,75,91.66666667,91.66666667,100)
D_1.2  <- c(0,0,0,25,75,75)
,,,,,,,
E_0.8  <- c(83.33333333,91.66666667,100,100,100,100)
E_1.2  <- c(0,0,0,0,8.333333333,50)
,,,,,,,
F_0.8  <- c(91.66666667,91.66666667,100,91.66666667,100,91.66666667)
F_1.2  <- c(0,0,0,0,8.333333333,0)
,,,,,,,
G_0.8  <- c(8.333333333,0,25,100,100,100)
G_1.2  <- c(0,0,0,75,91.66666667,100)
,,,,,,,
H_0.8  <- c(100,100,100,91.66666667,91.66666667,100)
H_1.2  <- c(0,8.333333333,0,0,0,25)
,,,,,,,
I_0.8  <- c(16.66666667,25,25,83.33333333,83.33333333,83.33333333)
I_1.2  <- c(0,8.333333333,8.333333333,58.33333333,83.33333333,91.66666667)
,,,,,,,
J_0.8  <- c(50,100,83.33333333,100,100,100)
J_1.2  <- c(0,0,0,0,25,66.66666667)
,,,,,,,
K_0.8  <- c(83.33333333,75,91.66666667,100,91.66666667,100)
K_1.2  <- c(8.333333333,8.333333333,16.66666667,33.33333333,33.33333333,66.66666667)
,,,,,,,
L_0.8  <- c(16.66666667,50,41.66666667,75,83.33333333,100)
L_1.2  <- c(8.333333333,0,0,33.33333333,58.33333333,91.66666667)
,,,,,,,
M_0.8  <- c(83.33333333,66.66666667,100,100,100,91.66666667)
M_1.2  <- c(0,0,0,0,8.333333333,25)
,,,,,,,
N_0.8  <- c(100,100,100,100,100,91.66666667)
N_1.2  <- c(0,0,0,16.66666667,16.66666667,25)
,,,,,,,
O_0.8  <- c(100,91.66666667,100,100,100,100)
O_1.2  <- c(8.333333333,33.33333333,8.333333333,16.66666667,25,41.66666667)
,,,,,,,
P_0.8  <- c(66.66666667,75,100,100,91.66666667,100)
P_1.2  <- c(0,0,8.333333333,50,58.33333333,75)
,,,,,,,
Q_0.8  <- c(100,100,100,100,100,100)
Q_1.2  <- c(8.333333333,8.333333333,0,0,25,25)
,,,,,,,
R_0.8  <- c(100,100,100,100,100,100)
R_1,2  <- c(8.333333333,0,8.333333333,0,16.66666667,50)
,,,,,,,
S_0.8  <- c(100,83.33333333,100,100,100,91.66666667)
S_1.2  <- c(0,25,16.66666667,0,0,16.66666667)
,,,,,,,
T_0.8  <- c(100,91.66666667,66.66666667,100,91.66666667,83.33333333)
T_1.2  <- c(16.66666667,0,25,25,41.66666667,16.66666667)